// demo profile
1, 0, 0, 2000
2, 1, 0, 2000
3, 2, 1, 2000
4, 3, 2, 2000
5, 4, 3, 2000
6, 5, 4, 2000
7, 6, 5, 2000
8, 7, 6, 2000
9, 8, 7, 2000
10, 9, 8, 2000
11, 10, 9, 2000
12, 11, 10, 2000
13, 12, 11, 2000
14, 13, 12, 2000
15, 14, 13, 2000
16, 15, 14, 2000
15, 16, 15, 2000
14, 15, 16, 2000
13, 14, 15, 2000
12, 13, 14, 2000
11, 12, 13, 2000
10, 11, 12, 2000
9, 10, 11, 2000
8, 9, 10, 2000
7, 8, 9, 2000
6, 7, 8, 2000
5, 6, 7, 2000
4, 5, 6, 2000
3, 4, 5, 2000
2, 3, 4, 2000
1, 2, 3, 2000
0, 1, 2, 2000
0, 0, 1, 2000
0, 0, 0, 2000